20
1 1 1 1 1 1 1 1 1 1 1 1 1 1 1 1 1 1 1 50 1
1 1 1 1 1 1 1 1 1 1 1 1 1 1 1 1 1 1 51 1 2
1 1 1 1 1 1 1 1 1 1 1 1 1 1 1 1 1 52 1 1 3
1 1 1 1 1 1 1 1 1 1 1 1 1 1 1 1 53 1 1 1 4
1 1 1 1 1 1 1 1 1 1 1 1 1 1 1 54 1 1 1 1 5
1 1 1 1 1 1 1 1 1 1 1 1 1 1 55 1 1 1 1 1 6
1 1 1 1 1 1 1 1 1 1 1 1 1 56 1 1 1 1 1 1 7
1 1 1 1 1 1 1 1 1 1 1 1 57 1 1 1 1 1 1 1 8
1 1 1 1 1 1 1 1 1 1 1 58 1 1 1 1 1 1 1 1 9
1 1 1 1 1 1 1 1 1 1 59 1 1 1 1 1 1 1 1 1 10
1 1 1 1 1 1 1 1 1 60 1 1 1 1 1 1 1 1 1 1 11
1 1 1 1 1 1 1 1 61 1 1 1 1 1 1 1 1 1 1 1 12
1 1 1 1 1 1 1 62 1 1 1 1 1 1 1 1 1 1 1 1 13
1 1 1 1 1 1 63 1 1 1 1 1 1 1 1 1 1 1 1 1 14
1 1 1 1 1 64 1 1 1 1 1 1 1 1 1 1 1 1 1 1 15
65 1 1 1 1 1 1 1 1 1 1 1 1 1 1 1 1 1 1 1 16
1 66 1 1 1 1 1 1 1 1 1 1 1 1 1 1 1 1 1 1 17
1 1 67 1 1 1 1 1 1 1 1 1 1 1 1 1 1 1 1 1 18
1 1 1 68 1 1 1 1 1 1 1 1 1 1 1 1 1 1 1 1 19
1 1 1 1 69 1 1 1 1 1 1 1 1 1 1 1 1 1 1 1 20
0.0000001
